   7       0 loop0 9336 0 33058 4000 0 0 0 0 0 364 3996
   7       1 loop1 785 0 10204 192 0 0 0 0 0 136 192
   7       2 loop2 160012 0 336262 49460 0 0 0 0 0 2180 49452
   7       3 loop3 171577 0 351262 62112 0 0 0 0 0 2652 62100
   7       4 loop4 1009 0 22348 320 0 0 0 0 0 204 320
   7       5 loop5 516 0 9252 196 0 0 0 0 0 180 196
   7       6 loop6 326 0 8966 124 0 0 0 0 0 108 124
   7       7 loop7 17343 0 40420 1816 0 0 0 0 0 116 1812
   8      16 sdb 2039 0 95776 240 0 0 0 0 0 172 240
   8       0 sda 341835197 1212804 45967940734 140031528 117846485 113575664 8754608064 1271180120 0 152611184 1411160352
   8       1 sda1 341832514 1212804 45967779258 140030840 117846485 113575664 8754608064 1271180120 0 152611136 1411160968
   8       2 sda2 30 0 60 0 0 0 0 0 0 0 0
   8       5 sda5 792 0 66488 148 0 0 0 0 0 92 148
   8      32 sdc 749214 10396 6182872 1183492 124887 71891 37832408 256152 0 155816 1439480
   8      48 sdd 694081 17121 5809464 1168088 3060648 1650101 677458120 12152276 0 2676560 13320664
   7       8 loop8 5 0 16 0 0 0 0 0 0 0 0
 251       1 pxd/pxd569024833520826814 457 0 60560 736 2791 3937 117944 5628 0 6052 6364
 251       2 pxd/pxd329749375739842336 15 0 120 0 2345 996 2885296 280 0 68 280
