   7       0 loop0 0 0 0 0 0 0 0 0 0 0 0
   7       1 loop1 0 0 0 0 0 0 0 0 0 0 0
   7       2 loop2 0 0 0 0 0 0 0 0 0 0 0
   7       3 loop3 0 0 0 0 0 0 0 0 0 0 0
   7       4 loop4 0 0 0 0 0 0 0 0 0 0 0
   7       5 loop5 0 0 0 0 0 0 0 0 0 0 0
   7       6 loop6 0 0 0 0 0 0 0 0 0 0 0
   7       7 loop7 0 0 0 0 0 0 0 0 0 0 0
   8       0 sda 117114513 101916 20113377398 46139072 60022025 17859974 3327390712 462114968 0 64664956 508207940
   8       1 sda1 117113128 101916 20113281890 46138820 60022025 17859974 3327390712 462114968 0 64664900 508213124
   8       2 sda2 30 0 60 36 0 0 0 0 0 36 36
   8       5 sda5 760 0 66240 128 0 0 0 0 0 100 128
   8      16 sdb 7714 3161 184168 11328 18536282 3576342 2168172328 46845260 0 9459452 46853360
   8      32 sdc 617014 13503 5144848 1220936 18547827 3576224 2168468880 42944624 0 8865096 44163088
 251       1 pxd/pxd263155173434740352 471 0 57432 4432 3996 5006 134576 36348 0 27192 40776
