   7       0 loop0 0 0 0 0 0 0 0 0 0 0 0
   7       1 loop1 0 0 0 0 0 0 0 0 0 0 0
   7       2 loop2 0 0 0 0 0 0 0 0 0 0 0
   7       3 loop3 0 0 0 0 0 0 0 0 0 0 0
   7       4 loop4 0 0 0 0 0 0 0 0 0 0 0
   7       5 loop5 0 0 0 0 0 0 0 0 0 0 0
   7       6 loop6 0 0 0 0 0 0 0 0 0 0 0
   7       7 loop7 0 0 0 0 0 0 0 0 0 0 0
   8       0 sda 117111998 101916 20113164470 46137112 59891955 17791537 3320221600 461587276 0 64505560 507678408
   8       1 sda1 117110613 101916 20113068962 46136860 59891955 17791537 3320221600 461587276 0 64505504 507683592
   8       2 sda2 30 0 60 36 0 0 0 0 0 36 36
   8       5 sda5 760 0 66240 128 0 0 0 0 0 100 128
   8      16 sdb 7712 3161 184104 11328 18366459 3425591 2136267928 45633152 0 9242984 45641336
   8      32 sdc 616973 13503 5143536 1220876 18378493 3425679 2136574616 41868872 0 8664448 43087348
 251       1 pxd/pxd263155173434740352 471 0 57432 4432 3512 4537 126088 35972 0 26832 40400
