   7       0 loop0 9336 0 33058 4000 0 0 0 0 0 364 3996
   7       1 loop1 785 0 10204 192 0 0 0 0 0 136 192
   7       2 loop2 160012 0 336262 49460 0 0 0 0 0 2180 49452
   7       3 loop3 171577 0 351262 62112 0 0 0 0 0 2652 62100
   7       4 loop4 1009 0 22348 320 0 0 0 0 0 204 320
   7       5 loop5 516 0 9252 196 0 0 0 0 0 180 196
   7       6 loop6 326 0 8966 124 0 0 0 0 0 108 124
   7       7 loop7 17343 0 40420 1816 0 0 0 0 0 116 1812
   8      16 sdb 2082 0 97848 252 0 0 0 0 0 180 252
   8       0 sda 341840000 1212804 45968353974 140035056 117989392 113653447 8768074128 1271703992 0 152772984 1411687636
   8       1 sda1 341837294 1212804 45968190434 140034360 117989392 113653447 8768074128 1271703992 0 152772928 1411688244
   8       2 sda2 30 0 60 0 0 0 0 0 0 0 0
   8       5 sda5 815 0 68552 156 0 0 0 0 0 100 156
   8      32 sdc 749278 10397 6183808 1183576 126373 72739 38287528 260532 0 158196 1443944
   8      48 sdd 694091 17121 5809784 1168096 3114532 1656519 712751208 16927752 0 2755456 18097868
   7       8 loop8 5 0 16 0 0 0 0 0 0 0 0
 251       1 pxd/pxd569024833520826814 498 0 62616 784 3092 4269 124040 5756 0 6212 6540
 251       2 pxd/pxd329749375739842336 55 0 2160 12 2659664 553606 62781424 900556 0 261304 899784
