   7       0 loop0 9336 0 33058 4000 0 0 0 0 0 364 3996
   7       1 loop1 785 0 10204 192 0 0 0 0 0 136 192
   7       2 loop2 160012 0 336262 49460 0 0 0 0 0 2180 49452
   7       3 loop3 171577 0 351262 62112 0 0 0 0 0 2652 62100
   7       4 loop4 1009 0 22348 320 0 0 0 0 0 204 320
   7       5 loop5 516 0 9252 196 0 0 0 0 0 180 196
   7       6 loop6 326 0 8966 124 0 0 0 0 0 108 124
   7       7 loop7 17343 0 40420 1816 0 0 0 0 0 116 1812
   8      16 sdb 2082 0 97848 252 0 0 0 0 0 180 252
   8       0 sda 341840623 1212804 45968368598 140035464 117994853 113656059 8768160056 1271716536 0 152779324 1411700584
   8       1 sda1 341837917 1212804 45968205058 140034768 117994853 113656059 8768160056 1271716536 0 152779268 1411701192
   8       2 sda2 30 0 60 0 0 0 0 0 0 0 0
   8       5 sda5 815 0 68552 156 0 0 0 0 0 100 156
   8      32 sdc 749278 10397 6183808 1183576 126411 72759 38300160 260664 0 158268 1444076
   8      48 sdd 696754 17130 8132072 1179820 3115756 1657140 712944680 16930100 0 2759108 18111936
   7       8 loop8 5 0 16 0 0 0 0 0 0 0 0
 251       1 pxd/pxd569024833520826814 498 0 62616 784 3098 4272 124160 5760 0 6216 6544
 251       2 pxd/pxd329749375739842336 55 0 2160 12 2659944 553855 62788368 900644 0 261376 899872
