   7       0 loop0 9363 0 33706 4036 0 0 0 0 0 400 4032
   7       1 loop1 814 0 10820 224 0 0 0 0 0 164 224
   7       2 loop2 160059 0 338334 49532 0 0 0 0 0 2220 49524
   7       3 loop3 171617 0 353306 62172 0 0 0 0 0 2692 62160
   7       4 loop4 1072 0 24158 416 0 0 0 0 0 252 416
   7       5 loop5 581 0 10996 248 0 0 0 0 0 216 248
   7       6 loop6 393 0 10686 204 0 0 0 0 0 148 204
   7       7 loop7 20078 0 47600 2596 0 0 0 0 0 200 2588
   8      16 sdb 2528 0 118696 296 0 0 0 0 0 216 296
   8       0 sda 342360042 1213953 46011064812 140479076 120701267 115085296 8854367056 1281128916 0 155671244 1421555164
   8       1 sda1 342357142 1213953 46010886018 140478332 120701267 115085296 8854367056 1281128916 0 155671176 1421555740
   8       2 sda2 37 0 74 0 0 0 0 0 0 0 0
   8       5 sda5 977 0 83008 200 0 0 0 0 0 128 200
   8      32 sdc 749743 10400 6203032 1183712 138104 80190 42091056 298872 0 179772 1482412
   8      48 sdd 702207 21269 8527464 1188856 6671915 4059999 1678385488 31618144 0 7240668 32807956
   7       8 loop8 5 0 16 0 0 0 0 0 0 0 0
 251       1 pxd/pxd1033165038200597736 16 0 128 600 348850 145735 50936560 7479604 0 5259860 7479928
