   7       0 loop0 9363 0 33706 4036 0 0 0 0 0 400 4032
   7       1 loop1 814 0 10820 224 0 0 0 0 0 164 224
   7       2 loop2 160059 0 338334 49532 0 0 0 0 0 2220 49524
   7       3 loop3 171617 0 353306 62172 0 0 0 0 0 2692 62160
   7       4 loop4 1072 0 24158 416 0 0 0 0 0 252 416
   7       5 loop5 581 0 10996 248 0 0 0 0 0 216 248
   7       6 loop6 393 0 10686 204 0 0 0 0 0 148 204
   7       7 loop7 20078 0 47600 2596 0 0 0 0 0 200 2588
   8      16 sdb 2528 0 118696 296 0 0 0 0 0 216 296
   8       0 sda 342282299 1213942 46009642484 140441628 120069528 114819224 8842109416 1279772180 0 155088648 1420161388
   8       1 sda1 342279399 1213942 46009463690 140440884 120069528 114819224 8842109416 1279772180 0 155088580 1420161964
   8       2 sda2 37 0 74 0 0 0 0 0 0 0 0
   8       5 sda5 977 0 83008 200 0 0 0 0 0 128 200
   8      32 sdc 749743 10400 6203032 1183712 138104 80190 42091056 298872 0 179772 1482412
   8      48 sdd 702207 21269 8527464 1188856 3673419 1915126 863457440 23815660 0 3377468 25006360
   7       8 loop8 5 0 16 0 0 0 0 0 0 0 0
 251       1 pxd/pxd1033165038200597736 15 0 120 4 2436 1055 2886912 4272 0 3556 4272
