   7       0 loop0 0 0 0 0 0 0 0 0 0 0 0
   7       1 loop1 0 0 0 0 0 0 0 0 0 0 0
   7       2 loop2 0 0 0 0 0 0 0 0 0 0 0
   7       3 loop3 0 0 0 0 0 0 0 0 0 0 0
   7       4 loop4 0 0 0 0 0 0 0 0 0 0 0
   7       5 loop5 0 0 0 0 0 0 0 0 0 0 0
   7       6 loop6 0 0 0 0 0 0 0 0 0 0 0
   7       7 loop7 0 0 0 0 0 0 0 0 0 0 0
   8       0 sda 159886941 161752 26386634340 85952328 83816376 23661665 4196704840 602108680 0 121042008 687917716
   8       1 sda1 159884967 161752 26386495930 85951076 83816376 23661665 4196704840 602108680 0 121041992 687916156
   8       2 sda2 49 0 98 36 0 0 0 0 0 36 36
   8       5 sda5 1110 0 97240 1016 0 0 0 0 0 836 1012
   8      16 sdb 15117 5948 447880 24792 7209615 1927952 796526112 25837144 0 5940332 25859476
   8      32 sdc 585576 15852 5100616 1254296 7508757 1928166 796462256 26152248 0 5796628 27404496
