   7       0 loop0 0 0 0 0 0 0 0 0 0 0 0
   7       1 loop1 0 0 0 0 0 0 0 0 0 0 0
   7       2 loop2 0 0 0 0 0 0 0 0 0 0 0
   7       3 loop3 0 0 0 0 0 0 0 0 0 0 0
   7       4 loop4 0 0 0 0 0 0 0 0 0 0 0
   7       5 loop5 0 0 0 0 0 0 0 0 0 0 0
   7       6 loop6 0 0 0 0 0 0 0 0 0 0 0
   7       7 loop7 0 0 0 0 0 0 0 0 0 0 0
   8       0 sda 159875095 161735 26386038084 85939632 83017770 23365214 4174734176 599506664 0 120214112 685303576
   8       1 sda1 159873121 161735 26385899674 85938380 83017770 23365214 4174734176 599506664 0 120214096 685302016
   8       2 sda2 49 0 98 36 0 0 0 0 0 36 36
   8       5 sda5 1110 0 97240 1016 0 0 0 0 0 836 1012
   8      16 sdb 15103 5948 447432 24772 2199509 702202 216242040 9764956 0 1772376 9788932
   8      32 sdc 585574 15852 5100552 1254296 2226558 702422 216232680 9788976 0 1725356 11042892
