   7       0 loop0 0 0 0 0 0 0 0 0 0 0 0
   7       1 loop1 0 0 0 0 0 0 0 0 0 0 0
   7       2 loop2 0 0 0 0 0 0 0 0 0 0 0
   7       3 loop3 0 0 0 0 0 0 0 0 0 0 0
   7       4 loop4 0 0 0 0 0 0 0 0 0 0 0
   7       5 loop5 0 0 0 0 0 0 0 0 0 0 0
   7       6 loop6 0 0 0 0 0 0 0 0 0 0 0
   7       7 loop7 0 0 0 0 0 0 0 0 0 0 0
   8       0 sda 117170562 102017 20120614772 46193252 62701463 18963989 3379067392 468319292 0 66893900 514464568
   8       1 sda1 117169009 102017 20120504802 46192968 62701463 18963989 3379067392 468319292 0 66893816 514469876
   8       2 sda2 37 0 74 40 0 0 0 0 0 40 40
   8       5 sda5 921 0 80688 156 0 0 0 0 0 128 156
   8      16 sdb 13370 5445 408104 22092 19495671 3958051 2288251624 52285360 0 10381956 52304088
   8      32 sdc 622474 15906 5360440 1231636 19477228 3957972 2288586240 47693384 0 9711516 48922448
 251       1 pxd/pxd106374427013092743 15 0 120 0 2255 897 2882920 788 0 192 784
