   7       0 loop0 0 0 0 0 0 0 0 0 0 0 0
   7       1 loop1 0 0 0 0 0 0 0 0 0 0 0
   7       2 loop2 0 0 0 0 0 0 0 0 0 0 0
   7       3 loop3 0 0 0 0 0 0 0 0 0 0 0
   7       4 loop4 0 0 0 0 0 0 0 0 0 0 0
   7       5 loop5 0 0 0 0 0 0 0 0 0 0 0
   7       6 loop6 0 0 0 0 0 0 0 0 0 0 0
   7       7 loop7 0 0 0 0 0 0 0 0 0 0 0
   8       0 sda 117163900 102010 20120034358 46188056 61330351 18449669 3350144632 464998024 0 65749636 511139132
   8       1 sda1 117162515 102010 20119938850 46187804 61330351 18449669 3350144632 464998024 0 65749580 511144472
   8       2 sda2 30 0 60 36 0 0 0 0 0 36 36
   8       5 sda5 760 0 66240 128 0 0 0 0 0 100 128
   8      16 sdb 7717 3161 184264 11328 18996638 3676737 2213813200 48274048 0 9899212 48282052
   8      32 sdc 617016 13503 5144912 1220944 19018198 3676681 2214180448 44232724 0 9264672 45451112
