   7       0 loop0 0 0 0 0 0 0 0 0 0 0 0
   7       1 loop1 0 0 0 0 0 0 0 0 0 0 0
   7       2 loop2 0 0 0 0 0 0 0 0 0 0 0
   7       3 loop3 0 0 0 0 0 0 0 0 0 0 0
   7       4 loop4 0 0 0 0 0 0 0 0 0 0 0
   7       5 loop5 0 0 0 0 0 0 0 0 0 0 0
   7       6 loop6 0 0 0 0 0 0 0 0 0 0 0
   7       7 loop7 0 0 0 0 0 0 0 0 0 0 0
   8       0 sda 117165561 102010 20120281860 46189920 61617647 18574661 3363300280 466453608 0 66029108 512596368
   8       1 sda1 117164008 102010 20120171890 46189636 61617647 18574661 3363300280 466453608 0 66029024 512601676
   8       2 sda2 37 0 74 40 0 0 0 0 0 40 40
   8       5 sda5 921 0 80688 156 0 0 0 0 0 128 156
   8      16 sdb 13095 5385 390816 21792 19301137 3870417 2264554000 51039020 0 10201984 51057492
   8      32 sdc 622391 15844 5349648 1231600 19296616 3870380 2264933704 46584688 0 9546272 47813744
