   7       0 loop0 0 0 0 0 0 0 0 0 0 0 0
   7       1 loop1 0 0 0 0 0 0 0 0 0 0 0
   7       2 loop2 0 0 0 0 0 0 0 0 0 0 0
   7       3 loop3 0 0 0 0 0 0 0 0 0 0 0
   7       4 loop4 0 0 0 0 0 0 0 0 0 0 0
   7       5 loop5 0 0 0 0 0 0 0 0 0 0 0
   7       6 loop6 0 0 0 0 0 0 0 0 0 0 0
   7       7 loop7 0 0 0 0 0 0 0 0 0 0 0
   8       0 sda 117171927 102018 20120688676 46194472 62854963 19036004 3397713880 469737852 0 67039492 515884248
   8       1 sda1 117170374 102018 20120578706 46194188 62854963 19036004 3397713880 469737852 0 67039408 515889556
   8       2 sda2 37 0 74 40 0 0 0 0 0 40 40
   8       5 sda5 921 0 80688 156 0 0 0 0 0 128 156
   8      16 sdb 13371 5445 408136 22092 19675050 4122707 2323451496 53341608 0 10567624 53360248
   8      32 sdc 622474 15906 5360440 1231636 19659779 4122368 2323781528 48659624 0 9883820 49888584
 251       1 pxd/pxd106374427013092743 16 0 136 0 2522000 603678 69935896 3892732 0 2040760 3892052
