   7       0 loop0 0 0 0 0 0 0 0 0 0 0 0
   7       1 loop1 0 0 0 0 0 0 0 0 0 0 0
   7       2 loop2 0 0 0 0 0 0 0 0 0 0 0
   7       3 loop3 0 0 0 0 0 0 0 0 0 0 0
   7       4 loop4 0 0 0 0 0 0 0 0 0 0 0
   7       5 loop5 0 0 0 0 0 0 0 0 0 0 0
   7       6 loop6 0 0 0 0 0 0 0 0 0 0 0
   7       7 loop7 0 0 0 0 0 0 0 0 0 0 0
   8       0 sda 159878770 161752 26386276948 85945128 83639766 23594637 4184980200 600853904 0 120848044 686655908
   8       1 sda1 159876796 161752 26386138538 85943876 83639766 23594637 4184980200 600853904 0 120848028 686654348
   8       2 sda2 49 0 98 36 0 0 0 0 0 36 36
   8       5 sda5 1110 0 97240 1016 0 0 0 0 0 836 1012
   8      16 sdb 15117 5948 447880 24792 6999835 1759176 758924032 24528820 0 5702056 24551360
   8      32 sdc 585576 15852 5100616 1254296 7300034 1759436 758916032 24886892 0 5558552 26139248
