   7       0 loop0 0 0 0 0 0 0 0 0 0 0 0
   7       1 loop1 0 0 0 0 0 0 0 0 0 0 0
   7       2 loop2 0 0 0 0 0 0 0 0 0 0 0
   7       3 loop3 0 0 0 0 0 0 0 0 0 0 0
   7       4 loop4 0 0 0 0 0 0 0 0 0 0 0
   7       5 loop5 0 0 0 0 0 0 0 0 0 0 0
   7       6 loop6 0 0 0 0 0 0 0 0 0 0 0
   7       7 loop7 0 0 0 0 0 0 0 0 0 0 0
   8       0 sda 159886898 161752 26386633420 85952196 83681419 23612715 4189286168 601457424 0 120890976 687266444
   8       1 sda1 159884924 161752 26386495010 85950944 83681419 23612715 4189286168 601457424 0 120890960 687264884
   8       2 sda2 49 0 98 36 0 0 0 0 0 36 36
   8       5 sda5 1110 0 97240 1016 0 0 0 0 0 836 1012
   8      16 sdb 15117 5948 447880 24792 7031182 1765730 762221400 24632584 0 5732880 24655112
   8      32 sdc 585576 15852 5100616 1254296 7332878 1766005 762214016 25001880 0 5589084 26254232
