   7       0 loop0 9336 0 33058 4000 0 0 0 0 0 364 3996
   7       1 loop1 785 0 10204 192 0 0 0 0 0 136 192
   7       2 loop2 160012 0 336262 49460 0 0 0 0 0 2180 49452
   7       3 loop3 171577 0 351262 62112 0 0 0 0 0 2652 62100
   7       4 loop4 1009 0 22348 320 0 0 0 0 0 204 320
   7       5 loop5 516 0 9252 196 0 0 0 0 0 180 196
   7       6 loop6 326 0 8966 124 0 0 0 0 0 108 124
   7       7 loop7 17343 0 40420 1816 0 0 0 0 0 116 1812
   8      16 sdb 2082 0 97848 252 0 0 0 0 0 180 252
   8       0 sda 341946205 1213073 45982730006 140164964 118138662 113810172 8791667024 1273620588 0 153068636 1413734260
   8       1 sda1 341943499 1213073 45982566466 140164268 118138662 113810172 8791667024 1273620588 0 153068580 1413734868
   8       2 sda2 30 0 60 0 0 0 0 0 0 0 0
   8       5 sda5 815 0 68552 156 0 0 0 0 0 100 156
   8      32 sdc 749285 10397 6183984 1183580 127635 73476 38680712 264644 0 160464 1448060
   8      48 sdd 696755 17130 8132104 1179820 3265959 1717202 770126200 18623296 0 2946408 19805012
   7       8 loop8 5 0 16 0 0 0 0 0 0 0 0
 251       1 pxd/pxd569024833520826814 498 0 62616 784 3472 4746 131960 5900 0 6352 6684
 251       2 pxd/pxd329749375739842336 57 0 2176 16 5002504 1090957 122939344 4391512 0 1783376 4389896
